abstractmethod not overwritten! When defined as ABC in next commits, this will raise an error!
Simulation of 1 scenarios on 1 processes with 1 cpus per simulation ...
--------------------------------------------------------------------------------
Simulation of scenario rockingham_res7
Only minimum output to console -> see log-file
Scenario rockingham_res7
Operator 0 control strategy: PoolingIRSAssignmentBatchOptimization
	 control function: {'func_key': 'distance_and_user_times_with_walk', 'vot': 0.45}
Operator 0 additional strategies:
	 RV Heuristics: {}
	 Stop-Insert Heuristics: {}
	 Charging: None
	 On-Street Parking: True
	 Repositioning: None
	 Dynamic Pricing: None
	 Dynamic Fleet Sizing: None

  0%|          | 0/100 [00:00<?, ?it/s]rockingham_res7:   0%|          | 0/100 [00:00<?, ?it/s]rockingham_res7:   0%|          | 0/100 [00:01<?, ?it/s]rockingham_res7:   0%|          | 0/100 [00:01<?, ?it/s, simulation_time=0, driving=0, idle=16, charging=0, reposition=0]rockingham_res7:   0%|          | 0/100 [00:04<?, ?it/s, simulation_time=0, driving=0, idle=16, charging=0, reposition=0]rockingham_res7:   0%|          | 0/100 [00:04<?, ?it/s, simulation_time=120, driving=8, idle=7, charging=0, reposition=0]rockingham_res7:   0%|          | 0/100 [00:07<?, ?it/s, simulation_time=120, driving=8, idle=7, charging=0, reposition=0]rockingham_res7:   0%|          | 0/100 [00:07<?, ?it/s, simulation_time=240, driving=9, idle=5, charging=0, reposition=0]rockingham_res7:   0%|          | 0/100 [00:07<?, ?it/s, simulation_time=240, driving=9, idle=5, charging=0, reposition=0]
DEBUG assigned_rids at time 0 {}
DEBUG assigned_rids at time 120 {26627: [(0, 26627), (1, 26627), (5, 26627), (15, 26627)], 1875: [(1, 1875), (1, 1875, 34567), (15, 1875), (15, 1875, 34567)], 17859: [(1, 17859), (15, 17859)], 22135: [(1, 22135), (15, 22135)], 24738: [(1, 24738), (15, 24738)], 27153: [(1, 27153), (15, 27153)], 32293: [(1, 32293), (15, 32293)], 32508: [(1, 32508), (15, 32508)], 10735: [(2, 10735), (2, 10735, 24668), (6, 10735), (6, 10735, 24668), (7, 10735), (7, 10735, 24668), (9, 10735), (9, 10735, 24668), (11, 3347, 10735), (11, 3347, 10735, 24668), (11, 10735), (11, 10735, 24668), (14, 10735), (14, 10735, 24668)], 20094: [(2, 20094), (6, 20094), (7, 20094), (9, 20094), (11, 3347, 20094), (11, 20094), (14, 20094)], 35962: [(2, 35962), (6, 35962), (7, 35962), (9, 35962), (11, 3347, 35962), (11, 35962), (14, 35962)], 10300: [(3, 10300)], 17328: [(4, 17328), (8, 17328)], 23445: [(4, 23445), (8, 23445)], 1754: [(7, 1754), (7, 1754, 4200), (7, 1754, 4200, 10519), (7, 1754, 10519), (7, 1754, 10519, 24119), (7, 1754, 10519, 29823), (7, 1754, 24119), (7, 1754, 29823), (9, 1754), (9, 1754, 10519), (10, 1754), (10, 1754, 4200), (10, 1754, 4200, 10519), (10, 1754, 10519), (10, 1754, 10519, 29823), (10, 1754, 29823), (11, 1754), (11, 1754, 2969), (11, 1754, 2969, 10519), (11, 1754, 3347), (11, 1754, 3347, 10519), (11, 1754, 4200), (11, 1754, 4200, 10519), (11, 1754, 10519), (11, 1754, 10519, 29823), (11, 1754, 29823)], 24119: [(7, 1754, 10519, 24119), (7, 1754, 24119), (7, 2958, 24119), (7, 7865, 24119), (7, 10519, 24119), (7, 12291, 24119), (7, 12291, 24119, 25610), (7, 13875, 24119), (7, 24119), (7, 24119, 25610), (7, 24119, 28266), (9, 24119), (10, 24119), (11, 24119)], 2958: [(7, 2958), (7, 2958, 24119), (9, 2958), (10, 2958), (11, 2958), (11, 2958, 2969), (11, 2958, 4200)], 3347: [(7, 3347), (9, 3347), (10, 3347), (11, 1754, 3347), (11, 1754, 3347, 10519), (11, 3347), (11, 3347, 7252), (11, 3347, 10519), (11, 3347, 10735), (11, 3347, 10735, 24668), (11, 3347, 20094), (11, 3347, 24668), (11, 3347, 35962)], 13875: [(7, 13875), (7, 13875, 24119), (9, 13875), (10, 13875), (11, 2969, 13875), (11, 4200, 13875), (11, 13875)], 28266: [(7, 24119, 28266), (7, 28266), (9, 28266), (10, 28266), (11, 2969, 28266), (11, 4200, 28266), (11, 28266)], 26180: [(7, 26180), (9, 26180)], 32246: [(7, 32246), (10, 32246), (11, 32246)], 33821: [(7, 33821), (9, 33821)], 38340: [(7, 38340), (9, 38340), (11, 38340), (14, 38340)], 23683: [(9, 23683)], 31864: [(9, 31864)], 33529: [(12, 2450, 33529), (12, 33529), (13, 2450, 33529), (13, 33529)], 4096: [(12, 4096), (12, 4096, 10700), (12, 4096, 10700, 11908), (12, 4096, 11908), (13, 4096), (13, 4096, 10700), (13, 4096, 10700, 11908), (13, 4096, 11908)]}
DEBUG assigned_rids at time 240 {26627: [(0, 26627), (0, 26627, 35416), (1, 26627), (1, 26627, 35416), (5, 26627), (5, 26627, 35416), (15, 26627), (15, 26627, 35416)], 1875: [(1, 1875), (15, 1875)], 17859: [(1, 17859), (1, 17859, 20391), (15, 17859), (15, 17859, 20391), (15, 17859, 20391, 24268), (15, 17859, 24268)], 22135: [(1, 22135), (15, 22135), (15, 22135, 24268)], 32293: [(1, 24268, 32293), (1, 32293), (15, 24268, 32293), (15, 32293)], 24738: [(1, 24738), (15, 24738)], 27153: [(1, 27153), (15, 27153)], 32508: [(1, 32508), (15, 32508)], 10735: [(2, 10735), (2, 10735, 11133), (2, 10735, 11133, 24668), (2, 10735, 24668), (6, 10735), (6, 10735, 11133), (6, 10735, 11133, 24668), (6, 10735, 24668), (11, 10735), (11, 10735, 11133), (11, 10735, 11133, 24668), (11, 10735, 24668), (14, 3408, 10735), (14, 3408, 10735, 11133), (14, 3408, 10735, 11133, 24668), (14, 3408, 10735, 24668), (14, 10735), (14, 10735, 11133), (14, 10735, 11133, 24668), (14, 10735, 11133, 24668, 37699), (14, 10735, 11133, 37699), (14, 10735, 24668), (14, 10735, 24668, 37699), (14, 10735, 37699)], 24668: [(2, 10735, 11133, 24668), (2, 10735, 24668), (2, 11133, 24668), (2, 24668), (6, 10735, 11133, 24668), (6, 10735, 24668), (6, 11133, 24668), (6, 24668), (9, 11133, 24668), (9, 24668), (10, 11133, 24668), (10, 24668), (11, 10735, 11133, 24668), (11, 10735, 24668), (11, 11133, 24668), (11, 11133, 24668, 32839), (11, 24668), (11, 24668, 32839), (14, 3408, 10735, 11133, 24668), (14, 3408, 10735, 24668), (14, 3408, 11133, 24668), (14, 3408, 24668), (14, 10735, 11133, 24668), (14, 10735, 11133, 24668, 37699), (14, 10735, 24668), (14, 10735, 24668, 37699), (14, 11133, 24668), (14, 11133, 24668, 37699), (14, 24668), (14, 24668, 37699)], 20094: [(2, 20094), (6, 20094), (11, 20094), (14, 20094)], 35962: [(2, 35962), (6, 35962), (11, 35962), (14, 35962)], 10300: [(3, 10300)], 17328: [(4, 17328), (8, 17328)], 23445: [(4, 23445), (8, 23445)], 7865: [(6, 7865), (6, 7865, 15683), (7, 7865, 24119), (9, 7865), (9, 7865, 15683), (10, 7865), (10, 7865, 15683), (11, 7865), (11, 7865, 15683), (14, 7865), (14, 7865, 15683)], 10519: [(6, 10519), (7, 10519, 24119), (9, 1754, 3408, 10519), (9, 1754, 10519), (9, 1754, 10519, 37699), (9, 3408, 10519), (9, 10519), (9, 10519, 37699), (10, 1754, 3408, 10519), (10, 1754, 10519), (10, 1754, 10519, 37699), (10, 3408, 10519), (10, 10519), (10, 10519, 37699), (11, 111, 1754, 10519), (11, 111, 10519), (11, 1754, 3347, 3408, 10519), (11, 1754, 3347, 10519), (11, 1754, 3408, 10519), (11, 1754, 6115, 10519), (11, 1754, 10519), (11, 1754, 10519, 15350), (11, 1754, 10519, 15683), (11, 1754, 10519, 32839), (11, 1754, 10519, 37699), (11, 3347, 3408, 10519), (11, 3347, 10519), (11, 3408, 10519), (11, 6115, 10519), (11, 10519), (11, 10519, 15350), (11, 10519, 15683), (11, 10519, 32839), (11, 10519, 37699), (14, 10519)], 12291: [(6, 12291), (6, 12291, 25610), (7, 12291, 24119), (7, 12291, 24119, 25610), (9, 12291), (9, 12291, 25610), (10, 12291), (10, 12291, 25610), (11, 12291), (11, 12291, 25610), (14, 12291), (14, 12291, 25610)], 25610: [(6, 12291, 25610), (6, 25610), (7, 12291, 24119, 25610), (7, 24119, 25610), (9, 12291, 25610), (9, 25610), (10, 12291, 25610), (10, 25610), (11, 12291, 25610), (11, 25610), (14, 12291, 25610), (14, 25610)], 24119: [(7, 111, 24119), (7, 1754, 24119), (7, 2958, 24119), (7, 3408, 24119), (7, 6115, 24119), (7, 7865, 24119), (7, 10519, 24119), (7, 12291, 24119), (7, 12291, 24119, 25610), (7, 13875, 24119), (7, 15350, 24119), (7, 15683, 24119), (7, 24119), (7, 24119, 25610), (7, 24119, 28266), (7, 24119, 32839), (7, 24119, 37699)], 1754: [(7, 1754, 24119), (9, 1754), (9, 1754, 3408), (9, 1754, 3408, 10519), (9, 1754, 10519), (9, 1754, 10519, 37699), (9, 1754, 37699), (10, 1754), (10, 1754, 3408), (10, 1754, 3408, 10519), (10, 1754, 10519), (10, 1754, 10519, 37699), (10, 1754, 37699), (11, 111, 1754), (11, 111, 1754, 10519), (11, 1754), (11, 1754, 3347), (11, 1754, 3347, 3408), (11, 1754, 3347, 3408, 10519), (11, 1754, 3347, 10519), (11, 1754, 3408), (11, 1754, 3408, 10519), (11, 1754, 6115), (11, 1754, 6115, 10519), (11, 1754, 10519), (11, 1754, 10519, 15350), (11, 1754, 10519, 15683), (11, 1754, 10519, 32839), (11, 1754, 10519, 37699), (11, 1754, 15350), (11, 1754, 15683), (11, 1754, 32839), (11, 1754, 37699)], 2958: [(7, 2958, 24119), (9, 2958), (10, 2958), (11, 2023, 2958), (11, 2958)], 13875: [(7, 13875, 24119), (9, 13875), (10, 13875), (11, 13875)], 28266: [(7, 24119, 28266), (9, 28266), (10, 28266), (11, 28266)], 26180: [(9, 26180), (9, 26180, 37461)], 33821: [(9, 33821)], 38340: [(9, 38340), (11, 38340), (14, 38340)], 3347: [(10, 3347), (10, 3347, 3408), (11, 1754, 3347), (11, 1754, 3347, 3408), (11, 1754, 3347, 3408, 10519), (11, 1754, 3347, 10519), (11, 3347), (11, 3347, 3408), (11, 3347, 3408, 10519), (11, 3347, 3408, 11133), (11, 3347, 3408, 16767), (11, 3347, 3408, 16767, 19834), (11, 3347, 3408, 19834), (11, 3347, 3408, 31438), (11, 3347, 3408, 38081), (11, 3347, 10519), (11, 3347, 11133), (11, 3347, 16767), (11, 3347, 16767, 19834), (11, 3347, 19834), (11, 3347, 31438), (11, 3347, 38081)], 32246: [(10, 32246), (11, 32246)], 2450: [(12, 2450, 33529)], 33529: [(12, 2450, 33529)], 4096: [(13, 4096), (13, 4096, 10700), (13, 4096, 10700, 11908), (13, 4096, 10700, 11908, 16609), (13, 4096, 10700, 16609), (13, 4096, 11908), (13, 4096, 11908, 16609), (13, 4096, 16609)], 10700: [(13, 4096, 10700), (13, 4096, 10700, 11908), (13, 4096, 10700, 11908, 16609), (13, 4096, 10700, 16609), (13, 10700), (13, 10700, 11908), (13, 10700, 11908, 16609), (13, 10700, 16609)], 11908: [(13, 4096, 10700, 11908), (13, 4096, 10700, 11908, 16609), (13, 4096, 11908), (13, 4096, 11908, 16609), (13, 10700, 11908), (13, 10700, 11908, 16609), (13, 11908), (13, 11908, 16609)]}
Traceback (most recent call last):
  File "D:\PROJECT_RA\FleetPy\run_rockingham.py", line 10, in <module>
    run_scenarios(cc, sc, n_parallel_sim=1, n_cpu_per_sim=1, log_level="info")
  File "D:\PROJECT_RA\FleetPy\run_examples.py", line 96, in run_scenarios
    run_single_simulation(scenario_cfg)
  File "D:\PROJECT_RA\FleetPy\run_examples.py", line 26, in run_single_simulation
    SF.run()
  File "D:\PROJECT_RA\FleetPy\src\FleetSimulationBase.py", line 793, in run
    self.step(sim_time)
  File "D:\PROJECT_RA\FleetPy\src\BatchOfferSimulation.py", line 72, in step
    self.update_sim_state_fleets(sim_time - self.time_step, sim_time)
  File "D:\PROJECT_RA\FleetPy\src\FleetSimulationBase.py", line 691, in update_sim_state_fleets
    self.broker.acknowledge_user_boarding(op_id, rid, vid, boarding_time)
  File "D:\PROJECT_RA\FleetPy\src\broker\BrokerBasic.py", line 103, in acknowledge_user_boarding
    self.amod_operators[op_id].acknowledge_boarding(rid, vid, boarding_time)
  File "D:\PROJECT_RA\FleetPy\src\fleetctrl\RidePoolingBatchOptimizationFleetControlBase.py", line 303, in acknowledge_boarding
    self.rq_dict[rid].set_pickup(vid, simulation_time)
KeyError: 34054
